10 10 0 0 5 1
10 10 0 0 1 1
10 10 0 1 0 1
10 9.5 0 1 1 1
10 9.0 0 0 0 1
9.8 10 0 0 2 1
9.5 9.5 0 1 0 1
9.4 10 0 0 0 1
9.4 9.5 1 1 0 1
9.2 9.0 0 0 0 1
9 9.5 0 0 2 1
9 10 0 0 1 1
8.8 9.0 1 2 1 1
8.7 9.0 1 1 1 1
8.5 10 0 0 0 1
8.4 8.5 0 0 0 1
8.2 8.0 2 2 0 1
8.2 9.0 1 1 0 1
8 9.0 0 0 0 1
8 10 0 1 0 1
7.8 9.0 2 1 0 0
7.8 9.5 1 1 0 0
7.5 9.0 0 2 0 0
7.5 8.5 1 1 0 0
7.2 8.5 3 1 0 0
7.2 8.0 2 2 0 0
7 8.0 1 1 0 0
7 9.0 2 2 0 0
6.8 8.0 3 2 0 0
6.7 8.0 2 3 0 0
6.5 8.0 4 3 0 0
6.5 8.0 2 1 0 0
6 7.5 1 1 0 0
6 7.5 4 2 0 0
5 7.0 3 3 0 0
5 8.0 3 2 0 0
5 8.0 4 3 0 0
5 7.5 2 2 0 0
5 7.0 5 4 0 0
5.6 7.0 5 3 0 0
9.2 10 0 0 3
8.5 10 1 0 1
7 9.5 1 0 0
5 8.0 2 1 0
10 10 0 0 5